5*98
77766
77677
76667
66666
66666
76667
77677
77677
76667
66666
66666
76667
77677
77677
76667
66666
66666
76667
77677
77677
76667
66666
66666
76667
77677
77677
76667
66666
66666
76667
77677
77677
76667
66666
66666
76667
77677
77677
76667
66666
66666
76667
77677
77677
76667
66666
66666
76667
77677
77677
76667
66666
66666
76667
77677
77677
76667
66666
66666
76667
77677
77677
76667
66666
66666
76667
77677
77677
76667
66666
66666
76667
77677
77677
76667
66666
66666
76667
77677
77677
76667
66666
66666
76667
77677
77677
76667
66666
66666
76667
77677
77677
76667
66666
66666
76667
77677
77677